
0--32
174.264 194.37 245.284 15.3244
173.394 195.239 245.244 6.38309
172.517 196.135 245.16 6.34896
171.619 197.071 245.016 6.29776
170.68 198.039 244.832 6.24656
169.692 199.024 244.636 6.21242
168.67 200.014 244.442 6.14415
167.615 199.602 243.19 6.15984
166.58 199.211 241.958 6.15372
165.575 198.853 240.758 6.14453
164.6 198.534 239.598 6.13535
163.651 198.275 238.482 6.12616
162.733 198.117 237.415 6.11698
161.847 198.114 236.401 6.10779
161.003 198.312 235.44 6.09861
160.203 198.722 234.53 6.08942
159.448 199.324 233.662 6.08024
158.739 200.067 232.824 6.07105
158.078 200.896 231.997 6.06187
157.484 201.682 231.166 6.05269
156.973 202.341 230.316 6.0435
156.548 202.826 229.438 6.03432
156.188 203.158 228.539 6.02513
155.851 203.418 227.642 6.01595
155.481 203.708 226.771 6.00676
155.061 204.127 225.956 5.99758
154.572 204.672 225.173 5.98839
154.03 205.28 224.381 5.97921
153.462 205.88 223.555 5.97002
152.882 206.429 222.699 5.96084
152.287 206.939 221.849 5.95165
151.662 207.464 221.057 5.94247
151 208 220 5.93329
150.295 208.774 219.721 5.9241
149.551 209.574 219.113 5.91492
148.773 210.429 218.457 5.90573
147.963 211.298 217.701 5.89655
147.126 212.16 216.838 5.89042
146.271 213.013 215.909 5.87818
145.072 212.911 215.471 2.19206
143.911 212.896 215.09 2.19017
142.818 213.024 214.815 2.18735
141.783 213.323 214.679 2.18452
140.787 213.777 214.692 2.1817
139.806 214.324 214.84 2.17887
138.822 214.903 215.073 2.17604
137.828 215.457 215.331 2.17322
136.805 215.975 215.506 2.17039
135.788 216.464 215.625 2.16757
134.779 216.934 215.691 2.16474
133.774 217.391 215.725 2.16191
132.768 217.831 215.744 2.15909
131.761 218.252 215.75 2.15626
130.758 218.663 215.731 2.15344
129.763 219.076 215.677 2.15061
128.776 219.496 215.59 2.14778
127.793 219.92 215.492 2.14496
126.804 220.33 215.407 2.14213
125.802 220.72 215.358 2.13931
124.787 221.095 215.355 2.13648
123.766 221.474 215.385 2.13365
122.745 221.877 215.437 2.13083
121.729 222.3 215.506 2.128
120.717 222.736 215.586 2.12517
119.704 223.167 215.664 2.12235
118.684 223.571 215.734 2.11952
117.655 223.954 215.811 2.1167
116.624 224.337 215.901 2.11387
115.595 224.743 216.003 2.11104
114.565 225.173 216.114 2.10822
113.532 225.616 216.232 2.10539
112.48 226.048 216.364 2.10257
111.394 226.453 216.524 2.09974
110.263 226.827 216.73 2.09691
109.086 227.177 216.989 2.09503
107.881 227.516 217.282 2.09126
106.652 228.03 217.329 2.03681
105.456 228.536 217.379 2.03181
104.309 229.02 217.44 2.02431
103.206 229.467 217.53 2.01681
102.126 229.87 217.663 2.00931
101.053 230.228 217.845 2.00182
99.9744 230.559 218.07 1.99432
98.8937 230.882 218.315 1.98682
97.8198 231.229 218.556 1.97932
96.7614 231.63 218.778 1.97183
95.7233 232.108 218.984 1.96433
94.7033 232.664 219.18 1.95933
93.694 233.271 219.377 1.94933
32--120
93.694 233.271 219.377 1.94933
92.4575 232.817 219.598 1.30208
91.2232 232.409 219.827 1.29792
89.9967 232.078 220.092 1.29168
88.7802 231.826 220.385 1.28544
87.5718 231.637 220.7 1.2792
86.3658 231.49 221.043 1.27296
85.169 231.37 221.441 1.26672
83.9658 231.275 221.905 1.26048
82.7536 231.204 222.438 1.25632
81.5359 231.147 223.013 1.248
80.4219 231.382 223.386 1.05618
79.2985 231.59 223.776 1.05498
78.1609 231.749 224.184 1.05318
77.0113 231.85 224.59 1.05138
75.8577 231.896 224.958 1.04958
74.7126 231.908 225.249 1.04778
73.5866 231.916 225.443 1.04598
72.4806 231.956 225.54 1.04418
71.3931 232.056 225.579 1.04238
70.319 232.221 225.617 1.04058
69.2459 232.44 225.701 1.03878
68.1627 232.687 225.86 1.03698
67.0636 232.941 226.102 1.03518
65.9504 233.193 226.408 1.03338
64.8325 233.444 226.736 1.03158
63.7237 233.698 227.023 1.02978
62.6379 233.951 227.201 1.02798
61.586 234.199 227.212 1.02618
60.5705 234.437 227.039 1.02438
59.5883 234.669 226.703 1.02258
58.6325 234.905 226.239 1.02077
57.6927 235.16 225.699 1.01897
56.7547 235.437 225.115 1.01717
55.799 235.727 224.516 1.01537
54.8009 236.016 223.933 1.01357
53.7295 236.28 223.403 1.01177
52.5824 236.517 222.935 1.01057
51.3871 236.736 222.509 1.00817
50.6113 238.204 222.136 0.729167
49.8682 239.625 221.777 0.72625
49.174 240.962 221.44 0.721875
48.5209 242.196 221.126 0.7175
47.8798 243.323 220.832 0.713125
47.2174 244.345 220.551 0.70875
46.5168 245.284 220.277 0.705833
45.7864 246.173 220.006 0.7
32--122
93.694 233.271 219.377 1.94933
93.0388 234.287 219.704 1.51252
92.3461 235.295 220.037 1.50647
91.5871 236.297 220.378 1.49739
90.7481 237.313 220.743 1.48832
89.8407 238.371 221.152 1.47924
88.8718 239.498 221.62 1.47017
87.8518 240.696 222.144 1.46412
86.8018 241.942 222.699 1.45202
85.6266 242.367 222.337 1.30551
84.4929 242.838 221.992 1.30306
83.4263 243.383 221.672 1.29939
82.4274 244.001 221.371 1.29572
81.4777 244.679 221.103 1.29205
80.5537 245.393 220.87 1.28838
79.6369 246.13 220.678 1.28471
78.7167 246.875 220.529 1.28103
77.791 247.627 220.416 1.27736
76.8604 248.383 220.316 1.27369
75.9231 249.148 220.197 1.27002
74.9641 249.941 220.027 1.26635
73.9507 250.799 219.782 1.26268
72.8536 251.78 219.441 1.25901
71.6273 252.921 218.997 1.25534
70.2692 254.224 218.467 1.25289
68.8277 255.63 217.884 1.248
67.9909 254.769 219.391 0.725667
67.1894 254.078 220.801 0.721
66.432 253.653 222.062 0.714
65.6917 253.474 223.182 0.709333
64.9632 253.444 224.22 0.7
