
0--474
189 179 205 1.05566
188.654 179.237 204 1.05566
188.338 179.369 203 1.0542
188.066 179.322 202 1.05201
187.833 179.075 201 1.04981
187.632 178.659 200 1.04762
187.465 178.145 199 1.04543
187.341 177.608 198 1.04324
187.268 177.106 197 1.04105
187.243 176.657 196 1.03886
187.258 176.257 195 1.03666
187.308 175.887 194 1.03447
187.4 175.536 193 1.03228
187.54 175.198 192 1.03009
187.725 174.863 191 1.0279
187.941 174.524 190 1.02571
188.168 174.177 189 1.02351
188.398 173.829 188 1.02132
188.643 173.493 187 1.01913
188.934 173.178 186 1.01694
189.305 172.881 185 1.01475
189.783 172.591 184 1.01256
190.36 172.298 183 1.01109
191 172 182 1.01109
474--475
191 172 182 0.733444
191.876 171.977 181 0.733444
192.722 171.934 180.001 0.732667
193.521 171.852 179.007 0.7315
194.273 171.715 178.024 0.730333
194.992 171.519 177.064 0.729167
195.695 171.268 176.141 0.728
196.392 170.976 175.262 0.726833
197.079 170.661 174.424 0.725667
197.746 170.339 173.617 0.7245
198.39 170.024 172.836 0.723333
199.024 169.733 172.097 0.722167
199.683 169.483 171.434 0.721
200.403 169.291 170.89 0.719833
201.206 169.165 170.492 0.718667
202.088 169.106 170.236 0.7175
203.031 169.101 170.096 0.716333
204.008 169.126 170.032 0.715167
205.001 169.156 170.008 0.714
206 169.169 170.001 0.712833
207 169.155 170 0.711667
208 169.119 170 0.7105
209 169.077 170 0.709333
210 169.039 170 0.708167
211 169.009 170 0.707
212 168.975 170 0.705833
213 168.913 170 0.704667
214 168.795 170 0.7035
215 168.598 170 0.702333
216 168.324 170 0.701555
217 168 170 0.701555
474--476
191 172 182 0.73141
190.124 172.035 181 0.73141
189.278 172.076 180 0.729615
188.48 172.119 179 0.726923
187.734 172.155 178 0.724231
187.031 172.167 177 0.721538
186.364 172.148 176 0.718846
185.734 172.095 175 0.716154
185.148 172.011 174 0.713462
184.618 171.892 173 0.710769
184.148 171.732 172 0.708077
183.732 171.525 171 0.705385
183.356 171.276 170 0.70359
183 171 169 0.70359
